20.0
35.0
35.0
35.0
35.0
35.0
35.0
35.0
35.0
35.0
35.0
35.0
34.5
35.5
55.0
51.5
54.5
56.0
56.0
57.5
56.0
58.0
60.5
58.5
54.0
54.5
61.0
61.5
62.5
62.0
61.0
63.5
78.5
80.5
83.5
83.5
85.0
84.5
82.5
86.0
83.5
86.0
86.5
89.5
87.0
87.5
87.5
89.0
89.0
85.5
86.5
85.0
86.0
87.5
85.5
85.5
85.5
86.0
88.0
87.0
87.5
88.0
87.0
86.0
87.0
91.0
89.5
89.0
88.5
91.0
89.5
90.0
91.0
89.0
90.5
89.0
88.5
90.5
90.0
90.0
86.5
91.0
87.0
91.5
90.0
91.5
92.5
90.0
91.5
91.0
86.0
90.0
89.0
90.0
87.5
90.0
90.5
93.5
89.5
89.0
92.0
92.5
90.0
92.0
94.0
91.0
90.0
90.0
91.0
90.5
92.5
90.5
90.5
90.0
90.0
82.0
90.0
90.5
91.0
90.5
90.0
91.0
93.0
93.5
93.0
92.5
92.5
93.0
92.5
92.0
90.5
91.5
92.5
91.5
92.0
91.0
90.0
90.5
92.5
89.5
89.0
87.0
89.5
90.5
90.0
89.5
91.0
92.5
90.0
92.0
92.5
91.0
93.5
91.5
90.0
87.0
89.5
90.5
93.0
92.0
92.0
90.5
92.0
91.5
93.0
91.0
91.0
91.0
91.5
92.5
90.5
88.5
90.5
90.5
92.0
91.0
93.5
89.0
91.0
90.0
91.5
91.0
91.5
92.0
93.0
92.0
90.5
90.5
92.5
90.0
89.5
90.0
91.0
91.0
90.5
90.5
91.0
91.5
91.0
91.0
91.5
92.0
93.5
91.5
92.5
91.0
90.5
91.5
91.5
90.0
87.0
91.5
90.5
92.5
88.0
91.5
91.5
91.0
90.0
92.0
92.0
89.0
91.0
91.5
89.5
89.0
89.5
91.0
89.5
89.0
91.5
91.0
91.0
92.0
91.0
91.0
91.0
90.5
91.5
91.0
90.5
90.0
90.0
86.0
91.0
89.5
89.0
90.5
92.5
89.0
92.0
92.5
91.0
90.5
90.5
92.0
89.5
92.0
90.5
90.0
90.5
90.0
89.5
91.0
91.5
91.0
92.0
92.0
88.0
90.5
86.0
90.5
85.0
90.0
86.5
90.0
90.5
90.0
89.0
92.0
93.5
93.5
92.5
92.5
93.0
92.5
92.5
92.5
91.5
92.0
92.5
92.5
92.5
92.5
92.5
93.0
92.5
92.5
93.5
93.5
93.5
92.0
93.0
93.5
93.5
92.5
93.0
92.0
92.0
92.0
91.5
92.5
91.5
91.0
92.0
93.0
93.5
92.5
93.5
93.0
91.5
90.5
91.5
90.5
91.0
92.5
90.5
90.0
91.5
85.5
91.5
92.5
90.0
90.0
89.0
91.5
91.0
91.0
92.0
93.5
93.0
93.0
92.5
93.0
93.0
92.0
91.5
93.0
93.0
93.0
90.5
93.5
91.5
92.0
92.0
92.0
92.0
90.5
91.5
92.5
91.5
91.5
91.5
91.5
92.0
91.5
89.5
89.5
91.0
92.0
88.5
92.5
91.5
90.5
92.0
92.0
93.0
92.5
92.0
92.5
92.0
91.0
91.5
91.0
91.5
84.0
90.0
90.5
93.0
92.5
92.0
91.0
91.5
90.5
90.0
92.0
91.5
91.5
88.5
91.0
91.0
91.0
90.0
90.0
90.0
90.5
90.5
90.5
90.5
91.5
91.0
90.5
91.0
90.5
91.0
93.0
92.0
93.0
92.0
93.0
93.0
92.5
91.5
92.0
92.0
92.0
92.0
91.5
92.0
89.5
91.5
90.5
89.5
87.5
90.0
91.0
91.5
91.0
92.0
90.5
90.5
91.5
92.0
92.5
92.0
91.5
91.0
91.5
91.0
91.0
91.5
91.5
91.5
92.0
90.5
91.0
92.0
92.0
92.0
92.0
92.0
92.0
92.0
92.0
91.5
91.5
91.5
93.0
93.5
93.0
93.0
93.0
93.0
93.5
93.0
92.5
92.5
92.0
92.0
92.0
91.5
92.0
91.5
91.5
91.5
89.5
91.0
91.5
89.5
88.0
91.0
91.5
91.0
90.0
89.5
87.5
90.0
93.5
91.0
89.5