1.387462
1.376729
1.365826
1.362736
1.365284
1.360467
1.362658
1.360057
1.358919
1.359772
1.358546
1.343195
1.324871
1.304821
1.247247
1.207313
1.145416
1.094468
1.053679
1.034947
0.997494
0.959161
0.931256
0.922877
0.930124
0.943922
0.902466
0.882092
0.846223
0.855530
0.835564
0.822392
0.721359
0.632309
0.614088
0.579710
0.549781
0.535983
0.495489
0.501132
0.471787
0.488109
0.466234
0.469530
0.447331
0.463822
0.471834
0.439761
0.432825
0.423184
0.435650
0.448509
0.480899
0.472297
0.427283
0.410971
0.411659
0.398214
0.395431
0.416546
0.401334
0.440211
0.412605
0.407549
0.388681
0.396006
0.376047
0.365798
0.358358
0.359284
0.367239
0.353346
0.362798
0.345139
0.347711
0.343906
0.341262
0.351971
0.350258
0.370707
0.374570
0.392636
0.377015
0.356323
0.331125
0.337211
0.333215
0.328283
0.316029
0.313800
0.376548
0.371203
0.344039
0.360046
0.365112
0.347572
0.203826
0.173340
0.142240
0.115921
0.132926
0.097697
0.089874
0.066827
0.057572
0.064733
0.046989
0.044323
0.059829
0.052883
0.042416
0.032767
0.035511
0.034914
0.065218
0.098593
0.190217
0.122457
0.088112
0.066015
0.048557
0.036401
0.030538
0.039587
0.028408
0.028662
0.020884
0.021956
0.024918
0.026709
0.025030
0.020602
0.013695
0.015005
0.013020
0.011256
0.023628
0.018727
0.035780
0.070289
0.051624
0.070287
0.052108
0.030833
0.024668
0.017589
0.011122
0.016022
0.013873
0.013691
0.013094
0.013302
0.020954
0.011379
0.014913
0.013436
0.023775
0.018073
0.022820
0.028269
0.034625
0.060926
0.020021
0.023495
0.012650
0.014626
0.009315
0.013109
0.008323
0.006457
0.009878
0.006374
0.012533
0.010796
0.011733
0.012865
0.012406
0.016544
0.037214
0.027495
0.018969
0.019541
0.012791
0.011374
0.013389
0.022400
0.021236
0.025148
0.156228
0.088921
0.067035
0.041189
0.022526
0.014642
0.011307
0.007536
0.006462
0.007026
0.004936
0.006800
0.008328
0.007070
0.005607
0.009271
0.006284
0.005124
0.005464
0.006335
0.012219
0.008904
0.018251
0.025357
0.092059
0.037562
0.014649
0.016791
0.011255
0.008336
0.006118
0.009811
0.006234
0.006617
0.007837
0.005029
0.008658
0.032775
0.047142
0.043732
0.021904
0.022665
0.017462
0.011718
0.008370
0.009655
0.012321
0.005035
0.009454
0.011300
0.005534
0.008007
0.009040
0.010648
0.037249
0.051725
0.033197
0.082269
0.070959
0.038993
0.022756
0.017103
0.010707
0.010761
0.006371
0.009035
0.012114
0.007311
0.010149
0.009854
0.005770
0.014362
0.011745
0.008315
0.023525
0.019436
0.014795
0.009816
0.011307
0.019284
0.020535
0.020781
0.026398
0.019548
0.065060
0.039568
0.049785
0.033817
0.025381
0.034425
0.042656
0.023985
0.015081
0.014398
0.005682
0.004851
0.002672
0.002989
0.001892
0.002069
0.003134
0.002963
0.001611
0.002098
0.002144
0.002195
0.003681
0.001678
0.002409
0.001561
0.005629
0.002149
0.001899
0.003812
0.005516
0.002299
0.003198
0.001867
0.003084
0.003135
0.008482
0.005379
0.017504
0.019098
0.021475
0.024153
0.014919
0.008377
0.010515
0.009133
0.010363
0.008243
0.013161
0.007576
0.007005
0.019304
0.020846
0.003835
0.017643
0.040258
0.062724
0.027273
0.035498
0.019951
0.021927
0.023782
0.021256
0.017683
0.016909
0.005487
0.007532
0.003780
0.003336
0.002126
0.007213
0.002124
0.001774
0.002680
0.002443
0.003365
0.001702
0.002121
0.003397
0.005108
0.005790
0.003126
0.003714
0.001986
0.007785
0.010993
0.010754
0.012436
0.007255
0.008529
0.002028
0.003947
0.003502
0.004627
0.002782
0.003456
0.002976
0.013425
0.003770
0.008453
0.006767
0.002849
0.003821
0.002090
0.003308
0.005516
0.002257
0.004368
0.002317
0.005057
0.006532
0.003719
0.013152
0.048936
0.067383
0.020057
0.028861
0.031284
0.010521
0.009307
0.004091
0.006417
0.005573
0.003305
0.002166
0.005374
0.006548
0.002738
0.007157
0.004545
0.004285
0.003209
0.001979
0.001537
0.001898
0.005997
0.003595
0.002043
0.005552
0.004861
0.003474
0.004968
0.006409
0.015277
0.003314
0.008603
0.004710
0.005029
0.002133
0.001661
0.002371
0.001624
0.001640
0.001589
0.001901
0.001538
0.002931
0.013387
0.028327
0.159658
0.099604
0.117668
0.053032
0.020549
0.016861
0.008319
0.006705
0.003094
0.004461
0.002232
0.001874
0.002163
0.002420
0.003020
0.001631
0.001858
0.001733
0.001593
0.001610
0.001473
0.001725
0.001685
0.001647
0.001464
0.001795
0.001463
0.001491
0.001503
0.001450
0.001630
0.001462
0.001489
0.001527
0.001477
0.001548
0.001634
0.001504
0.001492
0.001459
0.001550
0.001417
0.001410
0.001447
0.001460
0.001431
0.002341
0.002008
0.002456
0.002653
0.002479
0.001706
0.002257
0.002516
0.001546
0.005934
0.008342
0.035413
0.032801
0.020978
0.038653
0.046557
0.046385
0.027330
0.021819
0.020932
0.009878
0.018367
0.007560