35.5
65.0
67.5
62.0
58.5
60.0
63.0
69.0
70.5
72.5
76.5
76.5
77.5
78.5
79.5
80.0
81.5
81.5
81.5
81.5
82.5
82.5
83.5
83.5
84.5
84.5
85.0
85.0
85.5
85.5
85.5
85.0
85.5
87.0
86.5
87.0
86.5
86.5
87.0
86.5
86.5
87.0
87.0
87.0
87.5
87.5
87.5
87.5
87.5
87.5
88.0
88.0
88.0
88.0
88.0
88.0
88.5
88.0
88.0
87.5
88.0
88.0
88.5
88.5
89.0
89.0
89.0
89.0
89.0
89.0
89.0
89.0
89.0
89.0
89.0
89.0
89.0
89.5
90.0
90.5
89.5
89.5
89.5
89.5
89.5
89.5
90.0
89.5
89.5
89.5
89.5
90.0
90.5
91.5
91.0
90.0
91.0
91.0
91.0
91.0
90.5
91.0
91.0
91.0
91.0
90.0
91.0
90.5
91.0
91.0
91.0
91.0
91.0
91.5
92.5
91.0
90.0
91.0
91.5
90.5
90.5
90.5
90.5
91.5
91.0
91.5
91.0
90.5
90.5
91.0
90.5
91.5
91.0
90.5
90.5
90.5
91.0
90.5
91.0
91.0
91.0
91.0
91.5
91.5
90.5
91.5
91.5
92.5
91.0
92.0
92.5
92.5
92.0
92.0
92.5
93.0
93.5
93.5
92.0
93.0
93.0
93.0
92.5
93.5
92.5
93.5
93.5
93.5
93.5
93.0
93.0
92.5
92.5
93.0
92.5
93.0
92.5
92.5
92.5
92.5
92.5
92.5
92.5
94.0
93.0
92.5
92.5
93.0
92.0
92.5
92.5
92.0
93.0
92.5
92.0
91.5
92.0
92.5
92.5
92.5
92.5
93.5
93.5
91.5
91.5
92.5
92.0
92.5
93.0
93.5
93.5
93.5
92.5
93.0
92.0
92.5
91.5
92.0
93.0
92.5
93.0
93.0
93.0
93.0
93.0
93.5
93.5
92.5
93.5
93.5
93.0
94.0
93.5
92.5
91.0
93.0
93.5
93.5
93.5
93.0
93.5
93.5
93.5
93.0
92.5
92.5
94.0
94.0
93.5
93.5
93.0
93.5
93.5
92.0
92.5
94.0
92.5
92.5
93.5
93.5
92.5
92.5
94.0
93.0
93.0
93.5
93.5
93.5
94.0
93.0
93.0
94.0
93.5
92.0
91.5
93.5
93.0
93.0
93.0
93.0
93.0
93.5
92.5
93.5
93.0
92.5
92.5
93.0
93.0
93.5
93.5
93.5
93.5
93.5
93.5
93.0
93.0
92.5
93.5
93.5
93.0
92.5
93.0
93.5
93.0
93.5
93.5
92.5
92.5
92.5
93.5
93.5
94.0
93.0
92.5
92.5
93.0
93.0
93.0
93.5
92.5
93.0
93.0
93.0
92.5
92.5
92.5
92.5
93.5
93.5
93.5
93.0
92.5
92.5
93.0
93.5
93.5
93.5
93.5
93.5
93.5
93.5
93.0
93.0
93.5
93.5
93.5
93.5
93.0
92.5
93.0
93.0
93.5
92.5
93.0
93.0
93.5
93.5
93.5
93.5
93.5
93.0
92.5
92.5
93.5
93.5
93.0
93.5
93.5
93.5
93.0
93.5
93.0
93.0
93.0
92.5
93.0
93.5
93.5
93.5
93.0
93.5
94.0
94.0
93.5
93.5
93.5
93.0
93.0
93.5
93.5
94.0
93.5
93.5
93.5
94.0
93.5
93.5
93.0
93.0
93.0
94.0
94.0
93.5
93.5
93.0
93.5
93.5
93.5
93.5
93.5
94.0
93.5
94.0
94.0
94.0
94.0
93.5
93.5
94.0
94.0
93.5
94.0
93.5
94.0
94.0
93.5
92.5
93.5
94.0
94.0
94.0
94.0
94.0
94.0
94.0
93.5
93.5
94.0
94.0
93.5
94.0
94.0
93.0
94.0
94.0
94.0
94.0
94.0
94.0
94.0
94.0
94.0
94.0
94.0
94.0
94.0
94.0
93.5
94.0
94.0
94.0
94.0
94.0
93.5
93.5
93.5
94.0
94.0
94.0
94.0
94.0
93.5
94.0
94.0
94.0
94.0
94.0
93.5
93.5
94.0
93.5
94.0
94.0
94.0
94.0
94.0
93.5
94.0
94.0
94.0
94.0
94.0
94.0
94.5
94.5
94.0
94.0
94.0
94.0