1.390877
1.359897
1.323784
1.271009
1.202927
1.144661
1.092892
1.031137
0.965511
0.936440
0.905869
0.841949
0.807634
0.790449
0.766420
0.737941
0.711860
0.713246
0.694162
0.669813
0.651864
0.664739
0.625279
0.629240
0.621393
0.595566
0.604123
0.579244
0.581090
0.582931
0.596882
0.546533
0.593701
0.549071
0.548614
0.558342
0.554344
0.547669
0.523792
0.506607
0.485234
0.506140
0.507932
0.510655
0.497407
0.489585
0.509365
0.505127
0.465219
0.487498
0.487278
0.486638
0.480366
0.488414
0.457222
0.467853
0.471039
0.467402
0.461891
0.463248
0.425729
0.459422
0.449763
0.470927
0.471987
0.412765
0.445190
0.454587
0.430779
0.441497
0.435022
0.389560
0.409472
0.428980
0.442251
0.429229
0.404469
0.443651
0.420930
0.396640
0.424181
0.396157
0.409010
0.418112
0.413183
0.389826
0.397617
0.401648
0.391792
0.362331
0.366827
0.402562
0.408465
0.375903
0.379598
0.372122
0.365777
0.353725
0.385967
0.420364
0.375041
0.390224
0.400944
0.337819
0.379444
0.375427
0.357878
0.357630
0.376497
0.359317
0.340983
0.348967
0.344252
0.384548
0.359167
0.343254
0.340309
0.334129
0.355929
0.337208
0.314569
0.360397
0.356844
0.348026
0.388570
0.379703
0.332818
0.339564
0.341717
0.348775
0.324134
0.367682
0.332203
0.320185
0.327144
0.335707
0.334693
0.326190
0.311549
0.360761
0.321204
0.310344
0.347054
0.326151
0.350127
0.334786
0.339831
0.313309
0.307403
0.326255
0.335721
0.336798
0.339701
0.322150
0.323774
0.327269
0.320757
0.304966
0.320705
0.326217
0.289603
0.319460
0.322457
0.331409
0.286126
0.309352
0.311417
0.323240
0.293622
0.302875
0.293944
0.288404
0.283682
0.292814
0.287429
0.310217
0.311098
0.295428
0.303171
0.294268
0.288997
0.284948
0.292528
0.283630
0.302573
0.272009
0.291456
0.287092
0.310327
0.272902
0.277016
0.294886
0.319193
0.325967
0.304424
0.270775
0.274180
0.299249
0.269478
0.295601
0.298522
0.321990
0.277082
0.280458
0.319918
0.268022
0.256061
0.288123
0.289935
0.275862
0.280477
0.278908
0.284843
0.292366
0.285509
0.304733
0.286974
0.283548
0.287576
0.294337
0.249671
0.279945
0.278113
0.293110
0.290271
0.297741
0.298616
0.244391
0.272102
0.288685
0.281546
0.287475
0.288456
0.287635
0.278526
0.264720
0.290607
0.280060
0.270027
0.289254
0.275840
0.279884
0.282082
0.261581
0.256576
0.251383
0.263375
0.271347
0.284284
0.269142
0.274558
0.284592
0.262085
0.278299
0.247336
0.266916
0.279463
0.257974
0.299671
0.262917
0.253908
0.268684
0.241947
0.224853
0.276746
0.274891
0.250741
0.254470
0.257228
0.255592
0.259255
0.243647
0.259444
0.259465
0.276458
0.245827
0.243382
0.250532
0.259129
0.262827
0.257695
0.256191
0.227998
0.240444
0.250576
0.268260
0.240684
0.267882
0.266854
0.232475
0.246050
0.251785
0.246380
0.269551
0.267106
0.251710
0.241102
0.231941
0.246841
0.252684
0.247253
0.249885
0.243657
0.252711
0.226708
0.211693
0.248212
0.224240
0.266080
0.264584
0.233715
0.232184
0.250729
0.254104
0.275453
0.281793
0.251979
0.239281
0.219029
0.228538
0.259725
0.239557
0.234355
0.248375
0.242963
0.223563
0.240155
0.236504
0.254938
0.256033
0.223133
0.246681
0.260731
0.228263
0.235246
0.220014
0.225444
0.232874
0.242099
0.243407
0.239810
0.237193
0.233831
0.237746
0.280677
0.231110
0.247377
0.222373
0.238333
0.229129
0.216610
0.248248
0.266781
0.241881
0.275063
0.230170
0.238509
0.230596
0.242668
0.214547
0.242428
0.232743
0.229831
0.243008
0.244332
0.219757
0.208011
0.235378
0.242762
0.220581
0.243128
0.231387
0.228407
0.219603
0.224856
0.248588
0.245428
0.220498
0.230511
0.233477
0.248345
0.228725
0.229485
0.234533
0.239384
0.230035
0.236015
0.225315
0.233288
0.235954
0.230321
0.238771
0.206152
0.217926
0.226218
0.226038
0.233239
0.221756
0.206535
0.205821
0.222664
0.251277
0.236120
0.222257
0.233474
0.200189
0.211416
0.244096
0.252694
0.216197
0.210782
0.229100
0.243903
0.247594
0.219558
0.213598
0.217963
0.228377
0.198795
0.205972
0.237906
0.216863
0.216746
0.189224
0.241081
0.243742
0.241835
0.226443
0.238558
0.208871
0.239423
0.217536
0.209610
0.213824
0.228388
0.197572
0.211051
0.244486
0.226908
0.225283
0.213860
0.232944
0.222769
0.219179
0.212014
0.243241
0.217691
0.223104
0.222359
0.222676
0.228152
0.208346
0.213677
0.228222
0.213594
0.229171
0.220023
0.211355
0.240155
0.203971
0.214758
0.213160
0.201049
0.235963
0.207224
0.203504
0.212651
0.212310
0.212442
0.217118
0.192947
0.213790
0.211474
0.203880
0.224168
0.201203
0.217542
0.210290
0.234070
0.208742
0.209407
0.214159
0.225577
0.206890
0.198678
0.220120
0.207603
0.191510
0.206106
0.204944
0.215121
0.206344
0.210780
0.221933
0.214787
0.187363
0.223438
0.203635
0.206906
0.200928