35.0
35.0
35.0
35.0
37.0
55.5
55.0
50.5
53.5
55.5
61.0
61.5
61.5
61.5
65.0
64.0
64.0
63.0
63.5
65.5
62.5
64.0
65.0
66.0
64.0
69.0
85.5
85.5
85.5
85.5
86.0
86.5
86.5
85.5
86.5
85.0
88.5
87.5
85.0
86.5
83.5
86.5
86.5
85.5
89.0
90.0
89.0
89.0
90.5
90.5
87.0
85.0
85.5
91.0
88.5
91.0
91.0
87.5
90.0
88.5
90.0
89.5
91.0
91.0
90.5
90.5
91.5
91.0
90.5
89.5
93.5
91.5
89.0
90.5
90.0
88.0
90.5
90.5
88.0
89.0
89.0
88.5
89.5
88.5
88.0
90.5
88.5
90.0
90.0
88.0
89.0
89.0
89.5
89.0
92.5
91.0
89.0
89.0
90.0
90.5
86.5
90.0
87.0
89.0
90.5
90.0
91.0
91.5
91.0
91.5
91.0
87.0
89.0
90.0
87.5
85.5
88.0
91.5
90.5
90.5
89.0
88.0
88.0
88.0
91.5
90.0
90.0
90.0
91.5
91.0
91.5
91.0
92.5
92.0
92.5
93.0
89.0
92.0
91.0
91.0
88.5
88.5
84.5
87.5
86.5
90.0
92.0
92.0
91.5
90.5
91.0
89.0
91.5
91.5
91.5
92.0
92.5
90.0
89.0
89.0
91.0
90.0
89.0
92.0
91.0
90.5
90.5
79.5
87.5
89.5
88.0
90.0
90.0
90.0
90.0
90.5
89.5
91.5
92.5
88.5
90.0
89.5
90.0
91.0
90.5
90.5
91.0
89.5
90.5
91.0
90.5
90.0
87.0
88.5
90.0
90.5
90.5
89.5
87.5
88.5
91.0
92.5
92.0
90.5
89.5
90.5
92.0
90.5
90.0
92.0
90.0
90.0
92.0
88.0
91.5
91.5
90.5
89.5
91.0
88.5
91.5
91.5
90.0
88.0
90.0
90.0
90.0
89.5
89.0
90.5
89.5
89.0
82.5
87.5
89.5
89.5
91.0
93.0
92.0
92.0
90.5
90.0
93.0
90.0
89.0
91.5
87.5
89.0
87.5
89.5
89.0
88.5
90.0
91.5
91.5
90.5
92.0
91.0
91.0
91.0
90.5
91.0
90.5
91.0
92.0
92.0
92.0
92.0
89.0
84.5
87.5
88.5
90.0
91.0
93.0
91.5
92.0
91.0
91.0
92.5
92.0
91.5
90.5
91.0
93.0
93.0
93.5
94.0
94.0
92.5
87.5
90.5
93.5
91.0
91.0
91.5
91.0
90.0
90.0
89.5
87.5
87.0
89.5
90.5
88.0
87.5
89.5
87.5
90.0
88.0
88.5
90.0
85.0
90.0
85.0
88.0
88.0
88.5
89.0
89.5
90.0
91.0
92.0
91.0
90.5
90.0
90.5
90.0
92.0
89.5
89.0
89.5
86.0
91.0
88.0
89.5
87.5
89.5
89.0
90.5
91.5
92.5
92.0
92.5
89.0
91.5
90.0
89.5
86.5
90.5
90.0
90.5
88.0
92.5
91.0
91.0
92.0
91.0
88.0
90.0
89.5
90.0
90.0
90.5
91.0
90.0
90.0
90.5
90.0
90.0
89.5
90.0
90.0
90.0
89.5
90.5
91.0
90.5
90.0
90.0
90.0
90.5
89.5
88.5
90.5
90.0
87.0
89.0
88.5
91.5
86.0
87.0
91.0
90.0
91.5
89.5
91.5
87.5
90.0
90.0
91.0
89.5
91.0
91.0
92.0
91.0
89.0
89.0
90.5
89.5
89.5
88.5
89.5
90.5
91.0
91.0
90.0
89.5
90.5
90.0
89.5
89.0
90.5
89.0
89.0
86.0
89.0
90.5
86.5
89.0
91.0
90.5
90.0
90.5
90.5
87.0
90.0
89.0
89.0
90.5
85.0
87.0
90.5
91.0
90.5
90.5
91.0
90.0
90.5
92.5
92.5
91.0
88.5
91.5
92.0
92.0
92.0
92.0
91.5
92.5
93.0
92.0
92.5
92.5
92.5
92.0
92.0
92.0
92.0
92.0
92.0
92.0
92.0
91.5
91.5
92.0
92.0
92.0
91.0
92.5
89.0
90.5
89.0
90.0
90.0
89.0
89.0
88.5
88.5
88.5
88.5
88.0
90.0
86.0
86.5
87.0
88.0
86.5
87.5
88.0