1.380090
1.365262
1.365404
1.363144
1.344882
1.251634
1.110622
1.082511
1.048995
0.919089
0.815644
0.797714
0.784018
0.738288
0.729449
0.699028
0.693115
0.650648
0.633183
0.613774
0.628450
0.653331
0.604382
0.560363
0.533756
0.530324
0.373933
0.266904
0.245926
0.210970
0.190986
0.218179
0.177818
0.158188
0.150644
0.140053
0.142042
0.133739
0.118111
0.124064
0.164946
0.175605
0.151077
0.127450
0.109143
0.088683
0.089327
0.079360
0.065701
0.060392
0.074820
0.109128
0.234067
0.126323
0.099872
0.063901
0.073643
0.081619
0.091025
0.074650
0.060673
0.048270
0.045502
0.052573
0.054089
0.051002
0.042142
0.050456
0.051487
0.043024
0.037410
0.026700
0.026793
0.041606
0.098695
0.054968
0.050800
0.031535
0.052433
0.064118
0.044647
0.041352
0.032059
0.024554
0.039641
0.022714
0.026314
0.044670
0.035139
0.027364
0.031086
0.015582
0.015063
0.043851
0.043448
0.022995
0.016576
0.023064
0.010653
0.007944
0.010565
0.072741
0.053395
0.034475
0.014988
0.024497
0.007851
0.008072
0.007018
0.006945
0.005827
0.013549
0.010293
0.026140
0.052745
0.046805
0.041949
0.021509
0.019450
0.018857
0.014740
0.020970
0.071580
0.039826
0.038293
0.026208
0.029328
0.011677
0.013093
0.011727
0.010057
0.004933
0.006444
0.003852
0.003334
0.003446
0.004241
0.006472
0.003334
0.005230
0.010932
0.015886
0.076514
0.064126
0.036455
0.030213
0.020610
0.011737
0.010628
0.006747
0.009728
0.005729
0.002668
0.003939
0.004232
0.003225
0.005173
0.016655
0.016558
0.006514
0.005419
0.005063
0.004587
0.002250
0.007764
0.008756
0.013663
0.089013
0.155330
0.052061
0.020022
0.012773
0.004481
0.006759
0.003448
0.004633
0.003885
0.002380
0.003729
0.003901
0.004758
0.002325
0.003029
0.004531
0.002132
0.002812
0.001544
0.002427
0.004202
0.001428
0.002054
0.002827
0.009970
0.024299
0.032094
0.011704
0.009627
0.038436
0.021904
0.021911
0.012876
0.019673
0.013693
0.012525
0.006877
0.005303
0.008021
0.003752
0.017857
0.011576
0.014985
0.020493
0.003484
0.012262
0.019226
0.012077
0.012536
0.019046
0.008229
0.005801
0.005123
0.002906
0.003674
0.010182
0.018568
0.009319
0.006282
0.007764
0.022299
0.010646
0.017928
0.017168
0.039322
0.058102
0.017573
0.013929
0.008632
0.007129
0.002319
0.001933
0.001557
0.002353
0.002554
0.002692
0.008037
0.014295
0.011889
0.038505
0.009727
0.012543
0.004829
0.009663
0.006913
0.002200
0.002595
0.001596
0.002480
0.001751
0.002145
0.001863
0.002957
0.002325
0.002384
0.004307
0.002667
0.001484
0.001566
0.004091
0.010306
0.067943
0.095465
0.036395
0.022235
0.009336
0.004476
0.001616
0.003365
0.002341
0.001597
0.001867
0.002143
0.001435
0.001871
0.001514
0.001624
0.001414
0.001422
0.001442
0.001474
0.006212
0.001670
0.002586
0.001818
0.001633
0.001468
0.001687
0.001413
0.001419
0.001405
0.001727
0.005622
0.006370
0.012462
0.026933
0.007691
0.024312
0.009768
0.004420
0.005452
0.005130
0.002388
0.008267
0.003514
0.011558
0.005575
0.026627
0.019273
0.005367
0.011555
0.001822
0.002021
0.001993
0.001751
0.001464
0.001677
0.001448
0.002347
0.001422
0.001682
0.001754
0.001411
0.005880
0.038535
0.023850
0.008011
0.018763
0.004538
0.002863
0.014034
0.008217
0.002192
0.005010
0.002234
0.003352
0.002934
0.016577
0.034079
0.037316
0.007332
0.004268
0.004100
0.007739
0.004986
0.006302
0.003467
0.003684
0.003254
0.013930
0.019316
0.006782
0.011003
0.007173
0.003985
0.001908
0.003311
0.001649
0.001801
0.001450
0.001413
0.001533
0.001402
0.001928
0.001553
0.001597
0.002785
0.001988
0.002723
0.001463
0.001591
0.001508
0.001583
0.001464
0.001491
0.001424
0.001710
0.002750
0.018552
0.007686
0.023027
0.020184
0.031474
0.019633
0.015562
0.002749
0.013088
0.002890
0.005421
0.003066
0.014600
0.002511
0.005809
0.002930
0.001524
0.002021
0.003807
0.006955
0.007158
0.015115
0.004946
0.001434
0.013111
0.003738
0.003150
0.001484
0.001672
0.001629
0.001346
0.000316
0.000056
0.001014
0.000008
0.001483
0.001930
0.004078
0.019220
0.003351
0.014849
0.022763
0.011862
0.005515
0.001443
0.002338
0.001510
0.006970
0.005597
0.013606
0.010734
0.003177
0.002617
0.016479
0.008567
0.018043
0.017958
0.007331
0.000440
0.002567
0.011009
0.000092
0.001311
0.000352
0.000377
0.005263
0.000298
0.025294
0.006986
0.000225
0.000197
0.000672
0.000273
0.000061
0.000205
0.000142
0.000050
0.000076
0.000023
0.000060
0.000032
0.000017
0.000051
0.000029
0.000015
0.000015
0.000008
0.000008
0.000001
0.000003
0.000002
0.000004
0.000343
0.004254
0.039222
0.015436
0.006190
0.021450
0.013092
0.002227
0.002659
0.014685
0.005997
0.004160
0.002821
0.008837
0.017794
0.002048
0.000826
0.000405
0.000234
0.001192
0.000044
0.000092